mp:2016-01-01_00.10.00.News_Social.CMPNY_GRP.MPTRXJP225,MPTRXJP225,2016-01-01T00:10:00.000Z,News_Social,2.2.2,16.0,-0.156250,,,,,-0.125000,-0.093750,0.031250,0.031250,,,0.125000,,,,,0.250000
mp:2016-01-01_00.11.00.News_Social.CMPNY_GRP.MPTRXJP225,MPTRXJP225,2016-01-01T00:11:00.000Z,News_Social,2.2.2,9.0,0.222222,,,,,,,,,,0.222222,0.250000,,,,,,,0.111111,,,-0.055556
mp:2016-01-01_00.12.00.News_Social.CMPNY_GRP.MPTRXJP225,MPTRXJP225,2016-01-01T00:12:00.000Z,News_Social,2.2.2,6.5,0.461538,,,,0.038462,,-0.076923,,-0.076923,,,0.076923,,,,,,,,,,0.038462
